430C000000000000
430D000000000000
430E000000000000
430F000000000000
4310000000000000
4311000000000000
4312000000000000
4313000000000000
4314000000000000
4315000000000000
4316000000000000
4317000000000000
4318000000000000
4319000000000000
431A000000000000
431B000000000000
431C000000000000
431D000000000000
431E000000000000
431F000000000000
4320000000000000
4321000000000000
4322000000000000
4323000000000000
4324000000000000
4325000000000000
4326000000000000
4327000000000000
4328000000000000
4329000000000000
432A000000000000
432B000000000000